0 0.2957031 0.76458335 0.01953125 0.03472221
0 0.5066407 0.34583333 0.030468762 0.061111093
0 0.5519531 0.46944445 0.032031238 0.055555552
0 0.23046875 0.32708335 0.0234375 0.03472224
0 0.34609374 0.2708333 0.028124988 0.049999982
0 0.6027344 0.5673611 0.049218774 0.09305555
0 0.21953124 0.43888888 0.042187497 0.058333337
0 0.6261718 0.52152777 0.030468762 0.081944436
0 0.26796874 0.38194442 0.018750012 0.03333333
0 0.12734374 0.5965278 0.023437493 0.05138892
0 0.15039062 0.6527778 0.022656262 0.047222197
0 0.5179688 0.7833333 0.029687464 0.050000012