0 0.3234375 0.2361111 0.028125018 0.0361111
0 0.25859374 0.78680557 0.018749997 0.03472221
0 0.48203126 0.375 0.03125 0.06388891
0 0.5277344 0.5034722 0.033593714 0.059722245
0 0.19296876 0.32013887 0.0234375 0.03472224
0 0.3203125 0.26666665 0.028124988 0.049999997
0 0.58085936 0.60486114 0.049218774 0.09305555
0 0.18164062 0.43958333 0.047656238 0.0625
0 0.6035156 0.56180555 0.030468702 0.081944466
0 0.23124999 0.37777776 0.020312503 0.0388889
0 0.07929687 0.6 0.024218746 0.052777767
0 0.10390625 0.6611111 0.0234375 0.041666627
0 0.48515624 0.82361114 0.026562482 0.047222197