0 0.30390626 0.32222223 0.028125018 0.036111116
0 0.2171875 0.90069443 0.018749997 0.03472221
0 0.46601564 0.4861111 0.036718756 0.07777774
0 0.5113281 0.6298611 0.033593744 0.059722185
0 0.16523437 0.3923611 0.028906256 0.043055564
0 0.2980469 0.34791666 0.032031268 0.059722215
0 0.5605469 0.7416667 0.052343726 0.100000024
0 0.14570314 0.51944447 0.047656253 0.06666666
0 0.58554685 0.6951389 0.030468762 0.081944466
0 0.20703125 0.45555556 0.020312488 0.03888887
0 0.032421876 0.68333334 0.02734375 0.055555582
0 0.055078126 0.7583333 0.024218753 0.04444444
0 0.45742187 0.95416665 0.02734375 0.050000012