0 0.87109375 0.39722222 0.0546875 0.07222223
0 0.2824219 0.43680555 0.016406268 0.031944454
0 0.47578126 0.083333336 0.0234375 0.044444446
0 0.5101563 0.17500001 0.032812506 0.06388889
0 0.5519531 0.25138888 0.046093762 0.08611111
0 0.22226563 0.17638889 0.039843753 0.047222227
0 0.56953126 0.22777778 0.017187476 0.061111107
0 0.26757812 0.13680555 0.01953125 0.043055557
0 0.13945313 0.29583335 0.01953125 0.04444447
0 0.15976563 0.33958334 0.01953125 0.037499994
0 0.47265625 0.44930556 0.0234375 0.04027778