0 0.32890624 0.2361111 0.028125018 0.0361111
0 0.265625 0.77708334 0.018750012 0.03472221
0 0.48593748 0.36458334 0.03124997 0.0625
0 0.53398436 0.49166667 0.033593774 0.058333308
0 0.2 0.31736112 0.0234375 0.03472221
0 0.325 0.26666665 0.028125018 0.049999997
0 0.58554685 0.5909722 0.049218714 0.09305555
0 0.18789062 0.43333334 0.04453124 0.061111093
0 0.6074219 0.54930556 0.030468702 0.081944466
0 0.23828125 0.37777776 0.020312488 0.0388889
0 0.08828125 0.59375 0.0234375 0.05138886
0 0.111718744 0.6555556 0.021875001 0.03888887
0 0.4910156 0.8111111 0.025781244 0.041666687