0 0.86757815 0.40416667 0.057031214 0.07499999
0 0.28476563 0.44513887 0.016406238 0.031944424
0 0.4765625 0.094444446 0.0234375 0.04444444
0 0.5109375 0.18611112 0.032812506 0.06388889
0 0.5515625 0.26041666 0.045312524 0.084722206
0 0.22734374 0.18888889 0.042187497 0.04444444
0 0.56953126 0.23472223 0.017187476 0.058333337
0 0.271875 0.15277778 0.018750012 0.036111116
0 0.14570312 0.30833334 0.01953125 0.04444444
0 0.16367188 0.34791666 0.01953125 0.037499994
0 0.4734375 0.4576389 0.0234375 0.04027778