0 0.31484374 0.26805556 0.028124988 0.036111116
0 0.23671874 0.8159722 0.018749997 0.03472221
0 0.47109377 0.40833336 0.032812506 0.06944445
0 0.51835936 0.5520834 0.033593774 0.059722245
0 0.17734376 0.33680555 0.0234375 0.03472221
0 0.309375 0.2951389 0.029687494 0.05138889
0 0.56757814 0.64652777 0.049218774 0.09305555
0 0.16328125 0.45902777 0.046875 0.0625
0 0.5910156 0.59791666 0.030468762 0.081944466
0 0.2203125 0.40555555 0.020312503 0.0388889
0 0.055859372 0.6236111 0.027343746 0.055555522
0 0.08164062 0.6888889 0.024218753 0.04444444
0 0.46953124 0.86736107 0.026562482 0.048611104