0 0.296875 0.37083334 0.028124988 0.036111116
0 0.20390624 0.97152776 0.018749997 0.03472221
0 0.46328127 0.54652774 0.037499994 0.07916671
0 0.5097656 0.69513893 0.033593774 0.059722245
0 0.16054687 0.44236112 0.028906241 0.043055564
0 0.29101562 0.39791667 0.033593774 0.070833325
0 0.56210935 0.8159722 0.052343786 0.10138887
0 0.13632813 0.57361114 0.05703125 0.06944448
0 0.5824219 0.77013886 0.030468762 0.09305555
0 0.1984375 0.5048611 0.0234375 0.04583335
0 0.015234375 0.7416667 0.02734375 0.055555582
0 0.040234376 0.82569444 0.02890625 0.054166675