0 0.8804687 0.3923611 0.053124964 0.07361111
0 0.27851564 0.42152777 0.016406268 0.031944454
0 0.47421876 0.061111115 0.0234375 0.044444446
0 0.5101563 0.15694445 0.032812506 0.06388889
0 0.5515625 0.23680556 0.046875 0.08749999
0 0.21601562 0.15347221 0.044531256 0.04861112
0 0.57070315 0.2111111 0.017968714 0.06388889
0 0.26328123 0.11597222 0.017187506 0.04027778
0 0.13164061 0.275 0.022656247 0.050000012
0 0.15429688 0.3284722 0.01953125 0.037499994
0 0.47226563 0.44166666 0.024218738 0.041666687