0 0.3078125 0.77708334 0.020312518 0.03472221
0 0.51289064 0.35972223 0.030468732 0.061111093
0 0.5636718 0.47777778 0.032031238 0.055555582
0 0.24531251 0.36041665 0.023437515 0.03472224
0 0.35859376 0.3013889 0.035937518 0.058333337
0 0.6113281 0.5618056 0.049218774 0.09305555
0 0.23242188 0.47222224 0.04296875 0.058333337
0 0.63242185 0.5381944 0.02734375 0.076388896
0 0.284375 0.4166667 0.018749982 0.03333333
0 0.14375 0.62569445 0.0234375 0.05138886
0 0.16679686 0.6791667 0.022656247 0.047222257
0 0.528125 0.79375 0.024999976 0.043055534