0 0.31171876 0.78541666 0.020312518 0.03472221
0 0.5144532 0.37083334 0.030468762 0.061111093
0 0.56289065 0.4722222 0.032031238 0.055555552
0 0.24921876 0.36597222 0.023437515 0.03472221
0 0.359375 0.30694443 0.035937488 0.06388888
0 0.6113281 0.55625 0.049218774 0.09305555
0 0.23671876 0.47638887 0.040625006 0.055555552
0 0.6296875 0.5263889 0.024999976 0.07222223
0 0.2859375 0.40694445 0.018749982 0.03333333
0 0.146875 0.62430555 0.0234375 0.05138886
0 0.17148438 0.6805556 0.022656247 0.047222197
0 0.5320313 0.79305553 0.026562512 0.047222197