0 0.31796876 0.25833333 0.028124988 0.0361111
0 0.24453124 0.80625 0.018749997 0.03472227
0 0.47500002 0.39722222 0.032812506 0.06666666
0 0.5214844 0.53541666 0.033593774 0.059722185
0 0.18203124 0.3298611 0.0234375 0.03472221
0 0.31289065 0.28680557 0.028906256 0.05138889
0 0.5722656 0.63263893 0.049218774 0.09305555
0 0.16796875 0.44722223 0.050000012 0.06666666
0 0.5949218 0.5868056 0.030468762 0.081944406
0 0.22421876 0.3958333 0.020312503 0.0388889
0 0.062109374 0.6111111 0.02734375 0.055555582
0 0.08867188 0.67777777 0.024218746 0.04444444
0 0.47460938 0.85138893 0.022656262 0.041666687