0 0.31171876 0.7395833 0.020312518 0.03472221
0 0.5121094 0.33194447 0.02734378 0.055555552
0 0.5597656 0.44444442 0.032031238 0.055555552
0 0.25195312 0.34444445 0.02734375 0.0388889
0 0.6082031 0.5326389 0.049218774 0.09305555
0 0.23945314 0.45 0.042968765 0.049999982
0 0.62578124 0.49166667 0.021875024 0.07222223
0 0.28828126 0.39166665 0.018749982 0.03333333
0 0.15234375 0.58819443 0.0234375 0.05138886
0 0.17460936 0.6458334 0.022656247 0.047222197
0 0.5257813 0.7555555 0.026562512 0.047222197